96
2 5
0 2
2 0

3 20
0 2
2 0
2 1

3 5
3 0
0 4
5 5

5 299
0 2
2 0
2 1
300 0
0 300

3 299
0 2
2 0
2 1

3 299
0 2
2 0
2 1

3 299
0 2
2 0
2 1

3 299
0 2
2 0
2 1

3 299
0 2
2 0
2 1

3 299
0 2
2 0
2 1

3 299
0 2
2 0
2 1

3 299
0 2
2 0
2 1

3 299
0 2
2 0
2 1

3 299
0 2
2 0
2 1

3 299
0 2
2 0
2 1

3 299
0 2
2 0
2 1

3 299
0 2
2 0
2 1

3 299
0 2
2 0
2 1

3 299
0 2
2 0
2 1

3 299
0 2
2 0
2 1

3 299
0 2
2 0
2 1

3 299
0 2
2 0
2 1

3 299
0 2
2 0
2 1

3 299
0 2
2 0
2 1

3 299
0 2
2 0
2 1

3 299
0 2
2 0
2 1

3 299
0 2
2 0
2 1

3 299
0 2
2 0
2 1

3 299
0 2
2 0
2 1

3 299
0 2
2 0
2 1

3 299
0 2
2 0
2 1

3 299
0 2
2 0
2 1

3 299
0 2
2 0
2 1

3 299
0 2
2 0
2 1

3 299
0 2
2 0
2 1

3 299
0 2
2 0
2 1

3 299
0 2
2 0
2 1

3 299
0 2
2 0
2 1

3 299
0 2
2 0
2 1

3 299
0 2
2 0
2 1

3 299
0 2
2 0
2 1

3 299
0 2
2 0
2 1

3 299
0 2
2 0
2 1

3 299
0 2
2 0
2 1

3 299
0 2
2 0
2 1

3 299
0 2
2 0
2 1

3 299
0 2
2 0
2 1

3 299
0 2
2 0
2 1

3 299
0 2
2 0
2 1

3 299
0 2
2 0
2 1

3 299
0 2
2 0
2 1

3 299
0 2
2 0
2 1

3 299
0 2
2 0
2 1

3 299
0 2
2 0
2 1

3 299
0 2
2 0
2 1

3 299
0 2
2 0
2 1

3 299
0 2
2 0
2 1

3 299
0 2
2 0
2 1

3 299
0 2
2 0
2 1

3 299
0 2
2 0
2 1

3 299
0 2
2 0
2 1

3 299
0 2
2 0
2 1

3 299
0 2
2 0
2 1

3 299
0 2
2 0
2 1

3 299
0 2
2 0
2 1

3 299
0 2
2 0
2 1

3 299
0 2
2 0
2 1

3 299
0 2
2 0
2 1

3 299
0 2
2 0
2 1

3 299
0 2
2 0
2 1

3 299
0 2
2 0
2 1

3 299
0 2
2 0
2 1

3 299
0 2
2 0
2 1

3 299
0 2
2 0
2 1

3 299
0 2
2 0
2 1

3 299
0 2
2 0
2 1

3 299
0 2
2 0
2 1

3 299
0 2
2 0
2 1

3 299
0 2
2 0
2 1

3 299
0 2
2 0
2 1

3 299
0 2
2 0
2 1

3 299
0 2
2 0
2 1

3 299
0 2
2 0
2 1

3 299
0 2
2 0
2 1

3 299
0 2
2 0
2 1

3 299
0 2
2 0
2 1

3 299
0 2
2 0
2 1

3 299
0 2
2 0
2 1

3 299
0 2
2 0
2 1

3 299
0 2
2 0
2 1

3 299
0 2
2 0
2 1

3 299
0 2
2 0
2 1

3 299
0 2
2 0
2 1

3 299
0 2
2 0
2 1

3 299
0 2
2 0
2 1

3 299
0 2
2 0
2 1